   5.0000000e-01   4.7500000e+00
   5.0000000e-01   5.2500000e+00
   5.0000000e-01   5.7500000e+00
   5.0000000e-01   6.2500000e+00
   5.0000000e-01   6.7500000e+00
   5.0000000e-01   7.2500000e+00
   5.0000000e-01   7.7500000e+00
   5.0000000e-01   8.2500000e+00
   5.0000000e-01   8.7500000e+00
   5.0000000e-01   9.2500000e+00
   5.0000000e-01   9.7500000e+00
   5.0000000e-01   1.0250000e+01
   5.0000000e-01   1.0750000e+01
   5.0000000e-01   1.1250000e+01
   5.0000000e-01   1.1750000e+01
   5.0000000e-01   1.2250000e+01
   5.0000000e-01   1.2750000e+01
   5.0000000e-01   1.3250000e+01
   5.0000000e-01   1.3750000e+01
   5.0000000e-01   1.4250000e+01
   5.0000000e-01   1.4750000e+01
   5.0000000e-01   1.5250000e+01
   5.0000000e-01   1.5750000e+01
   1.5000000e+00   4.7500000e+00
   1.5000000e+00   5.2500000e+00
   1.5000000e+00   5.7500000e+00
   1.5000000e+00   6.2500000e+00
   1.5000000e+00   6.7500000e+00
   1.5000000e+00   7.2500000e+00
   1.5000000e+00   7.7500000e+00
   1.5000000e+00   8.2500000e+00
   1.5000000e+00   8.7500000e+00
   1.5000000e+00   9.2500000e+00
   1.5000000e+00   9.7500000e+00
   1.5000000e+00   1.0250000e+01
   1.5000000e+00   1.0750000e+01
   1.5000000e+00   1.1250000e+01
   1.5000000e+00   1.1750000e+01
   1.5000000e+00   1.2250000e+01
   1.5000000e+00   1.2750000e+01
   1.5000000e+00   1.3250000e+01
   1.5000000e+00   1.3750000e+01
   1.5000000e+00   1.4250000e+01
   1.5000000e+00   1.4750000e+01
   1.5000000e+00   1.5250000e+01
   1.5000000e+00   1.5750000e+01
   2.5000000e+00   4.7500000e+00
   2.5000000e+00   5.2500000e+00
   2.5000000e+00   5.7500000e+00
   2.5000000e+00   6.2500000e+00
   2.5000000e+00   6.7500000e+00
   2.5000000e+00   7.2500000e+00
   2.5000000e+00   7.7500000e+00
   2.5000000e+00   8.2500000e+00
   2.5000000e+00   8.7500000e+00
   2.5000000e+00   9.2500000e+00
   2.5000000e+00   9.7500000e+00
   2.5000000e+00   1.0250000e+01
   2.5000000e+00   1.0750000e+01
   2.5000000e+00   1.1250000e+01
   2.5000000e+00   1.1750000e+01
   2.5000000e+00   1.2250000e+01
   2.5000000e+00   1.2750000e+01
   2.5000000e+00   1.3250000e+01
   2.5000000e+00   1.3750000e+01
   2.5000000e+00   1.4250000e+01
   2.5000000e+00   1.4750000e+01
   2.5000000e+00   1.5250000e+01
   2.5000000e+00   1.5750000e+01
   3.5000000e+00   4.7500000e+00
   3.5000000e+00   5.2500000e+00
   3.5000000e+00   5.7500000e+00
   3.5000000e+00   6.2500000e+00
   3.5000000e+00   6.7500000e+00
   3.5000000e+00   7.2500000e+00
   3.5000000e+00   7.7500000e+00
   3.5000000e+00   8.2500000e+00
   3.5000000e+00   8.7500000e+00
   3.5000000e+00   9.2500000e+00
   3.5000000e+00   9.7500000e+00
   3.5000000e+00   1.0250000e+01
   3.5000000e+00   1.0750000e+01
   3.5000000e+00   1.1250000e+01
   3.5000000e+00   1.1750000e+01
   3.5000000e+00   1.2250000e+01
   3.5000000e+00   1.2750000e+01
   3.5000000e+00   1.3250000e+01
   3.5000000e+00   1.3750000e+01
   3.5000000e+00   1.4250000e+01
   3.5000000e+00   1.4750000e+01
   3.5000000e+00   1.5250000e+01
   3.5000000e+00   1.5750000e+01
   4.5000000e+00   4.7500000e+00
   4.5000000e+00   5.2500000e+00
   4.5000000e+00   5.7500000e+00
   4.5000000e+00   6.2500000e+00
   4.5000000e+00   6.7500000e+00
   4.5000000e+00   7.2500000e+00
   4.5000000e+00   7.7500000e+00
   4.5000000e+00   8.2500000e+00
   4.5000000e+00   8.7500000e+00
   4.5000000e+00   9.2500000e+00
   4.5000000e+00   9.7500000e+00
   4.5000000e+00   1.0250000e+01
   4.5000000e+00   1.0750000e+01
   4.5000000e+00   1.1250000e+01
   4.5000000e+00   1.1750000e+01
   4.5000000e+00   1.2250000e+01
   4.5000000e+00   1.2750000e+01
   4.5000000e+00   1.3250000e+01
   4.5000000e+00   1.3750000e+01
   4.5000000e+00   1.4250000e+01
   4.5000000e+00   1.4750000e+01
   4.5000000e+00   1.5250000e+01
   4.5000000e+00   1.5750000e+01
   5.5000000e+00   4.7500000e+00
   5.5000000e+00   5.2500000e+00
   5.5000000e+00   5.7500000e+00
   5.5000000e+00   6.2500000e+00
   5.5000000e+00   6.7500000e+00
   5.5000000e+00   7.2500000e+00
   5.5000000e+00   7.7500000e+00
   5.5000000e+00   8.2500000e+00
   5.5000000e+00   8.7500000e+00
   5.5000000e+00   9.2500000e+00
   5.5000000e+00   9.7500000e+00
   5.5000000e+00   1.0250000e+01
   5.5000000e+00   1.0750000e+01
   5.5000000e+00   1.1250000e+01
   5.5000000e+00   1.1750000e+01
   5.5000000e+00   1.2250000e+01
   5.5000000e+00   1.2750000e+01
   5.5000000e+00   1.3250000e+01
   5.5000000e+00   1.3750000e+01
   5.5000000e+00   1.4250000e+01
   5.5000000e+00   1.4750000e+01
   5.5000000e+00   1.5250000e+01
   5.5000000e+00   1.5750000e+01
   6.5000000e+00   4.7500000e+00
   6.5000000e+00   5.2500000e+00
   6.5000000e+00   5.7500000e+00
   6.5000000e+00   6.2500000e+00
   6.5000000e+00   6.7500000e+00
   6.5000000e+00   7.2500000e+00
   6.5000000e+00   7.7500000e+00
   6.5000000e+00   8.2500000e+00
   6.5000000e+00   8.7500000e+00
   6.5000000e+00   9.2500000e+00
   6.5000000e+00   9.7500000e+00
   6.5000000e+00   1.0250000e+01
   6.5000000e+00   1.0750000e+01
   6.5000000e+00   1.1250000e+01
   6.5000000e+00   1.1750000e+01
   6.5000000e+00   1.2250000e+01
   6.5000000e+00   1.2750000e+01
   6.5000000e+00   1.3250000e+01
   6.5000000e+00   1.3750000e+01
   6.5000000e+00   1.4250000e+01
   6.5000000e+00   1.4750000e+01
   6.5000000e+00   1.5250000e+01
   6.5000000e+00   1.5750000e+01
   7.5000000e+00   4.7500000e+00
   7.5000000e+00   5.2500000e+00
   7.5000000e+00   5.7500000e+00
   7.5000000e+00   6.2500000e+00
   7.5000000e+00   6.7500000e+00
   7.5000000e+00   7.2500000e+00
   7.5000000e+00   7.7500000e+00
   7.5000000e+00   8.2500000e+00
   7.5000000e+00   8.7500000e+00
   7.5000000e+00   9.2500000e+00
   7.5000000e+00   9.7500000e+00
   7.5000000e+00   1.0250000e+01
   7.5000000e+00   1.0750000e+01
   7.5000000e+00   1.1250000e+01
   7.5000000e+00   1.1750000e+01
   7.5000000e+00   1.2250000e+01
   7.5000000e+00   1.2750000e+01
   7.5000000e+00   1.3250000e+01
   7.5000000e+00   1.3750000e+01
   7.5000000e+00   1.4250000e+01
   7.5000000e+00   1.4750000e+01
   7.5000000e+00   1.5250000e+01
   7.5000000e+00   1.5750000e+01
   8.5000000e+00   4.7500000e+00
   8.5000000e+00   5.2500000e+00
   8.5000000e+00   5.7500000e+00
   8.5000000e+00   6.2500000e+00
   8.5000000e+00   6.7500000e+00
   8.5000000e+00   7.2500000e+00
   8.5000000e+00   7.7500000e+00
   8.5000000e+00   8.2500000e+00
   8.5000000e+00   8.7500000e+00
   8.5000000e+00   9.2500000e+00
   8.5000000e+00   9.7500000e+00
   8.5000000e+00   1.0250000e+01
   8.5000000e+00   1.0750000e+01
   8.5000000e+00   1.1250000e+01
   8.5000000e+00   1.1750000e+01
   8.5000000e+00   1.2250000e+01
   8.5000000e+00   1.2750000e+01
   8.5000000e+00   1.3250000e+01
   8.5000000e+00   1.3750000e+01
   8.5000000e+00   1.4250000e+01
   8.5000000e+00   1.4750000e+01
   8.5000000e+00   1.5250000e+01
   8.5000000e+00   1.5750000e+01
   9.5000000e+00   4.7500000e+00
   9.5000000e+00   5.2500000e+00
   9.5000000e+00   5.7500000e+00
   9.5000000e+00   6.2500000e+00
   9.5000000e+00   6.7500000e+00
   9.5000000e+00   7.2500000e+00
   9.5000000e+00   7.7500000e+00
   9.5000000e+00   8.2500000e+00
   9.5000000e+00   8.7500000e+00
   9.5000000e+00   9.2500000e+00
   9.5000000e+00   9.7500000e+00
   9.5000000e+00   1.0250000e+01
   9.5000000e+00   1.0750000e+01
   9.5000000e+00   1.1250000e+01
   9.5000000e+00   1.1750000e+01
   9.5000000e+00   1.2250000e+01
   9.5000000e+00   1.2750000e+01
   9.5000000e+00   1.3250000e+01
   9.5000000e+00   1.3750000e+01
   9.5000000e+00   1.4250000e+01
   9.5000000e+00   1.4750000e+01
   9.5000000e+00   1.5250000e+01
   9.5000000e+00   1.5750000e+01
   1.0500000e+01   4.7500000e+00
   1.0500000e+01   5.2500000e+00
   1.0500000e+01   5.7500000e+00
   1.0500000e+01   6.2500000e+00
   1.0500000e+01   6.7500000e+00
   1.0500000e+01   7.2500000e+00
   1.0500000e+01   7.7500000e+00
   1.0500000e+01   8.2500000e+00
   1.0500000e+01   8.7500000e+00
   1.0500000e+01   9.2500000e+00
   1.0500000e+01   9.7500000e+00
   1.0500000e+01   1.0250000e+01
   1.0500000e+01   1.0750000e+01
   1.0500000e+01   1.1250000e+01
   1.0500000e+01   1.1750000e+01
   1.0500000e+01   1.2250000e+01
   1.0500000e+01   1.2750000e+01
   1.0500000e+01   1.3250000e+01
   1.0500000e+01   1.3750000e+01
   1.0500000e+01   1.4250000e+01
   1.0500000e+01   1.4750000e+01
   1.0500000e+01   1.5250000e+01
   1.0500000e+01   1.5750000e+01
